P(X=0) = 0.86516853932584270037
P(X=1) = 0.13483146067415729963
Check sum: 1.00000000000000000000
