P(X=0) = 0.88764044943820219480
P(X=1) = 0.11235955056179774969
Check sum: 1.00000000000000000000
