P(X=0) = 0.84165730337078659140
P(X=1) = 0.14943820224719100986
P(X=2) = 0.00873595505617977622
P(X=3) = 0.00016853932584269665
Check sum: 1.00000000000000000000
