P(X=0) = 0.93258426966292140570
P(X=1) = 0.06741573033707864981
Check sum: 1.00000000000000000000
