P(X=0) = 0.90249999999999996891
P(X=1) = 0.09500000000000000111
P(X=2) = 0.00250000000000000049
Check sum: 1.00000000000000000000
