P(X=0) = 0.81000000000000005329
P(X=1) = 0.18000000000000002109
P(X=2) = 0.01000000000000000194
Check sum: 1.00000000000000000000
