P(X=0) = 0.89887640449438199752
P(X=1) = 0.10112359550561797472
Check sum: 1.00000000000000000000
