P(X=0) = 0.94382022471910109740
P(X=1) = 0.05617977528089887485
Check sum: 1.00000000000000000000
