P(X=0) = 0.95505617977528090012
P(X=1) = 0.04494382022471909988
Check sum: 1.00000000000000000000
