P(X=0) = 0.90000000000000002220
P(X=1) = 0.10000000000000000555
Check sum: 1.00000000000000000000
