P(X=0) = 0.85062363825515063809
P(X=1) = 0.14143513851332162323
P(X=2) = 0.00777849324727520903
P(X=3) = 0.00016272998425261942
Check sum: 1.00000000000000000000
