P(X=0) = 0.78183035106227694033
P(X=1) = 0.20066803913135383697
P(X=2) = 0.01695239610951662645
P(X=3) = 0.00054921369685259050
Check sum: 1.00000000000000000000
