P(X=0) = 0.94737950983965002472
P(X=1) = 0.05167524599125363632
P(X=2) = 0.00093954992711370257
P(X=3) = 0.00000569424198250729
Check sum: 0.99999999999999988898
