P(X=0) = 0.64962261411260935340
P(X=1) = 0.30137131582543735808
P(X=2) = 0.04660381172558308166
P(X=3) = 0.00240225833637026237
Check sum: 1.00000000000000000000
