P(X=0) = 0.80065597667638488399
P(X=1) = 0.18476676384839649248
P(X=2) = 0.01421282798833819333
P(X=3) = 0.00036443148688046641
Check sum: 1.00000000000000000000
