P(X=0) = 0.85714285714285720630
P(X=1) = 0.00000000000000000000
P(X=2) = 0.14285714285714284921
Check sum: 1.00000000000000000000
