P(X=0) = 0.33333333333333337034
P(X=1) = 0.33333333333333331483
P(X=2) = 0.33333333333333331483
Check sum: 1.00000000000000000000
