P(X=0) = 0.333333333333
P(X=1) = 0.333333333333
P(X=2) = 0.333333333333
Check sum: 1.0
