P(X=0) = 0.88757396449704151209
P(X=1) = 0.10946745562130177909
P(X=2) = 0.00295857988165680510
Check sum: 1.00000000000000000000
