P(X=0) = 0.00000000000000000000
P(X=1) = 1.00000000000000000000
Check sum: 1.00000000000000000000
