P(X=0) = 0.91666666666666662966
P(X=1) = 0.08333333333333332871
Check sum: 1.00000000000000000000
