P(X=0) = 0.92330617207166165716
P(X=1) = 0.07466783962439314803
P(X=2) = 0.00200564705591353438
P(X=3) = 0.00002034124803157743
Check sum: 0.99999999999999988898
