P(X=0) = 0.96883330249600130291
P(X=1) = 0.03083863385574540233
P(X=2) = 0.00032676180837925976
P(X=3) = 0.00000130183987402096
Check sum: 1.00000000000000000000
