P(X=0) = 0.71680426300485144964
P(X=1) = 0.25273268394305814510
P(X=2) = 0.02916121317806940130
P(X=3) = 0.00130183987402095538
Check sum: 1.00000000000000000000
