P(X=0) = 0.50000000000000000000
P(X=1) = 0.50000000000000000000
Check sum: 1.00000000000000000000
