P(X=0) = 0.83599999999999996536
P(X=1) = 0.11399999999999999023
P(X=2) = 0.04400000000000000439
P(X=3) = 0.00600000000000000012
Check sum: 1.00000000000000000000
