P(X=0) = 0.84999999999999997780
P(X=1) = 0.14999999999999999445
Check sum: 1.00000000000000000000
