P(X=0) = 0.92000000000000003997
P(X=1) = 0.08000000000000000167
Check sum: 1.00000000000000000000
