P(X=0) = 0.88000000000000000444
P(X=1) = 0.11999999999999999556
Check sum: 1.00000000000000000000
